139123
139045
138339
138278
138276
138271
138138
138049
137877
137846
137842
137834
137828
137752
137729
137714
137698
137615
137514
137442
137364
137269
137265
137141
135971
135790
135588
134626
134624
125222
139198
125179
125176
138715
125165
138485
138384
138056
137289
138033
137976
137755
137720
137484
137407
135466
135465
120765
120644
120526
120512
120474
120365
120357
120344
120331
120327
139126
120321
138941
138813
120313
138783
138778
138498
120289
138114
120279
120151
120139
120136
120131
120110
137358
136048
135921
135920
135918
135781
135577
135519
135518
135516
123129
123127
123123
123118
123116
123114
123112
123109
138101
123022
137901
137784
137505
137366
137215
137216
137212
137211
138741
138445
138398
138386
138358
138355
138353
138294
138237
138231
138230
122867
122840
122789
122611
122599
122595
122564
122556
122479
122459
122441
139021
138968
138960
122408
138771
139061
138099
138083
138055
138042
138040
138034
137959
137957
137944
137867
137862
137771
137756
137694
137648
137637
137595
137588
137497
137403
137169
134030
134024
134020
134019
134008
134006
134005
134004
133993
133971
133970
126841
126754
126742
126740
126738
126609
126565
139175
138888
138669
138455
138395
138279
137866
126409
126408
126379
126370
126334
126332
126331
126330
126329
126328
126327
126197
126160
126152
126131
133781
126098
126090
133742
138514
138079
138050
137951
137908
137809
137575
137471
137461
137396
137352
137346
137339
137160
137139
137131
135981
135980
136046
135848
135780
135198
135195
119823
119754
119653
119596
119552
119535
119532
119496
119491
119488
119478
119474
119472
119454
119446
119439
119433
119423
119421
119418
119417
119416
119411
119406
119284
119283
119270
119268
119267
119262
119261
119260
119259
119258
119257
119255
119254
119253
119252
119249
119248
139007
138999
119245
119244
138895
119243
119242
119241
119240
119239
119238
119237
119236
138707
119231
119230
119228
119227
119226
119225
119224
119223
119222
119221
119188
119186
119170
119129
119124
137317
137315
137309
136041
135606
121791
121613
138092
138091
138046
138041
137797
137629
137619
137395
137359
121489
138208
137769
137770
137826
137725
139063
138931
138599
138539
138492
138456
138301
138161
138061
121610
121605
138066
121337
121332
121331
121316
121267
121254
121221
121218
121214
121154
121109
121073
120991
120986
120976
120970
120960
120955
120952
139087
139027
139024
138817
138796
138595
138058
138976
138591
138582
138451
138432
138372
138321
138312
138196
137912
137839
137827
137785
137758
137743
137692
137647
137584
137552
137401
137241
137138
135944
135943
135942
135941
135940
135939
135938
135937
135936
135935
135934
135933
135932
136376
135592
135490
135489
135488
135487
135486
135453
124841
124826
124824
124816
124815
124814
124813
124791
124790
139216
138726
138644
138598
138463
138418
138411
138388
124585
124572
124535
124518
124452
138876
138588
138317
138089
137972
137927
137801
137793
137772
137553
137512
137449
137420
137343
137266
137338
137188
119110
138851
138444
138373
118801
118800
118797
118788
118761
118742
138739
138696
138594
138550
137941
137903
137881
137857
137841
137803
137626
137377
137274
137210
137209
128676
128675
128674
128536
128532
128531
128456
128421
137533
138704
138389
138350
138186
137873
137829
137666
137559
135430
123802
123798
123791
123785
123784
123782
123780
123778
123769
123766
123741
123738
123733
138096
137861
137860
137859
137832
137485
136021
123727
123684
123675
123666
123644
123643
123642
123612
123603
123553
123542
123525
123509
123505
123491
123443
123420
138623
137532
137467
123301
123300
139039
139036
139012
138846
138668
138655
138187
137298
123721
123512
123428
138604
138602
138543
137291
123352
138648
138474
138307
138136
138135
138134
138133
138111
138077
138076
138029
137969
137843
137840
137815
137681
137641
137624
137623
137455
137383
137144
137128
135957
136256
122184
122175
122171
122170
122168
122164
122150
122149
122148
122147
122146
122145
122144
122141
122138
122134
122133
122124
122108
122096
122089
122041
122029
121970
121958
137454
138930
138761
138728
138613
138401
138211
138057
135958
122158
121851
121843
138402
121814
139066
138152
137998
137921
137549
137507
137495
137488
137441
138036
138012
137613
137572
137295
137294
131799
131789
131767
131766
131748
131747
131746
131745
131744
131743
131742
131739
131692
138961
138892
138733
138618
138567
138433
138390
139190
138415
138467
138293
138282
138266
137749
137487
137224
137206
137200
137199
135812
135811
135810
135809
138243
138242
138241
137936
137854
137469
124029
124028
124027
124026
124021
124011
124003
138911
123878
123853
123847
123843
138249
138168
138082
137094
135912
138506
138140
137933
138262
138261
137746
137684
137436
137181
138566
134368
138308
138159
135798
138936
137431
126009
125943
125904
125902
125896
125889
125880
125874
125858
126711
126201
121400
128459
137715
123582
123570
123410
123731
123635
123564
123527
123437
123434
123404
123394
123387
123381
123378
123377
123375
123359
123350
123324
123317
123316
123315
123299
123298
123297
123291
137473
137361
139017
128988
129432
125843
125839
125837
125836
125833
137696
138578
138507
138505
138449
138329
138309
138277
138199
138143
138112
138094
138084
138017
137890
137884
137835
125128
137782
137646
134613
134612
134611
134610
125000
124999
124998
139243
138428
138081
125112
124979
138306
138303
138220
138201
138195
138126
138015
137943
137677
137638
137573
137569
137571
137556
137548
137511
137508
137502
137492
137491
137482
137463
137459
137412
137267
137253
137184
137183
135954
135905
135904
135876
135587
134274
138032
120638
120533
120347
120341
120328
139043
138840
120311
138773
137869
137546
120157
137327
137236
123148
135428
123145
123144
123143
123140
123139
137527
138431
138376
138325
138299
138295
138252
138059
122874
122846
122841
122838
122805
122791
122775
122759
122719
122717
122622
122606
122569
122552
122541
122528
122513
139133
139028
138993
138823
122409
122402
138483
122393
139138
139137
139081
139065
138905
138789
138690
138691
138686
138585
138500
138410
138236
138235
137929
137851
137850
137554
137232
137174
137153
137147
134053
134052
134051
134050
134049
134048
134047
134046
137462
134040
134002
134001
134000
133999
133998
133996
133905
126567
126564
126542
133771
138873
138215
138194
137966
137913
137899
137853
137791
137763
137535
137292
135994
135199
135197
135180
135179
135178
135177
135176
119529
138891
138711
138209
138157
119217
121763
121762
121739
137848
137302
121521
138959
138935
138347
121223
121125
120992
138181
138898
138677
138557
138541
138540
138504
138477
138440
138438
138400
138392
138377
138371
138367
138364
138351
138296
138255
138247
138246
138176
138117
138105
138037
137922
137888
137774
137744
137740
137589
137543
137408
137394
137382
137336
137332
137323
137219
137221
137207
136011
135998
135945
136042
135491
135433
124870
124869
124868
124865
124862
124861
124831
124830
124829
124827
124759
124587
139286
139273
138865
124565
124509
124508
138315
137845
137844
137264
119105
119054
119050
119040
118869
118780
118741
138378
138087
137635
137636
135992
135991
135990
135989
135988
135987
135986
135985
135984
135983
138689
128527
128525
128524
138207
138100
123800
123796
123795
123729
139144
138520
138337
138297
138493
138769
138020
139142
138363
137954
138346
137953
137254
131752
131751
131750
131749
137872
137239
137149
135924
135923
135515
135514
122378
122377
122376
138664
118687
130337
133082
138503
138218
138416
137162
124024
124018
124014
124006
139111
138397
137700
136000
127351
138156
137667
133646
133645
133644
133643
133642
133641
133596
133574
133573
133572
133565
133564
133563
138264
138251
137440
137398
137379
126065
126064
126063
126061
126022
138470
125822
125821
125820
139204
138866
137446
134643
134642
134641
134640
134639
134638
134637
134636
134635
134633
134632
134631
134630
134629
134628
134627
134593
134591
134589
134588
134587
134586
134582
134581
134572
134555
134546
138635
138404
125122
120504
120339
120317
120310
138720
138581
120286
120104
122839
122836
122772
122718
122609
122608
122583
122570
122567
122555
122554
122436
122437
138915
122412
122397
138917
119441
119250
119232
124522
139056
128465
128449
124013
123987
127278
138884
138256
137823
137989
137704
137541
137468
137447
137186
137127
133704
133703
133702
133701
133700
133696
133695
133694
133693
133692
133691
133690
133689
133688
133687
133686
133685
133684
133683
133682
133681
133680
133679
133678
133677
133666
133665
133664
133663
133661
133657
133656
133655
133650
133648
133640
133635
133632
133631
133630
133625
133624
133620
133619
133618
133617
133616
133615
133614
133613
133607
133603
133602
133590
133585
133584
133582
133578
133577
133576
133568
133567
139134
139129
138844
138509
138369
138222
138072
138863
138836
138818
138792
138757
138753
138751
138750
138625
138572
138515
138450
138447
138436
138362
138322
138290
138275
138225
138007
137978
137651
137510
137388
137362
137168
136033
135947
135925
135909
138320
138319
138318
138313
137399
137248
136061
135961
136552
135802
135744
135613
135495
135435
129280
129279
129277
129275
129273
129272
129271
129267
129266
129265
129264
129262
129261
129260
129259
138788
138760
138589
138437
129092
129085
129079
129078
129073
129051
139143
138965
138806
138239
137949
136047
126081
126075
126072
126048
126047
126046
126045
126044
126043
126042
126041
126040
126039
126038
126035
126034
126033
126032
126031
126030
126029
126027
126026
126025
126024
126019
126017
126016
126011
126006
126005
126004
126000
125998
125997
125996
125994
125993
125992
139071
138899
138855
125954
125917
125895
125886
125853
120287
119434
119251
126076
125854
139259
139202
139083
138901
138850
138837
138830
138822
138801
138519
138512
138511
138510
138501
138575
139155
139092
139035
138969
138807
138487
139163
139006
139005
139004
139003
138900
138852
138842
138835
138811
139062
138864
138859
138858
138841
138614
138592
138286
139191
139168
139161
139152
139128
138928
138791
138643
139250
138972
139067
139037
138922
138885
138849
138555
139293
139069
138923
139158
139104
138848
138619
138617
138525
138518
138457
138452
138408
138645
139169
139048
139046
138710
138560
138292
139040
138405
138981
138700
138699
138698
138620
139179
139127
139107
139088
138790
138703
138665
138654
139085
139199
138878
139310
138964
138938
138893
138782
138732
138694
138637
138574
138573
138571
139235
138768
138662
139148
139130
139101
139093
138748
138576
138413
139272
138721
138812
138693
138692
138679
138640
139200
139149
139047
138831
138808
138828
139135
138767
138568
138564
138986
138973
139276
138954
139242
138754
138746
138745
138608
138756
138558
139117
138795
139164
139147
138934
138747
138661
138651
138590
138548
138546
139265
139079
139312
139303
139188
139186
139185
139114
139110
138995
138610
138559
139105
138872
138740
138454
139187
139109
138827
138810
138770
138724
138533
139307
139300
139257
138709
139247
138942
139295
139287
138820
138784
139268
139264
139231
139289
139279
138534
139288
139232
139248
139227
138660
138649
138647
139305
139269
139271
139263
139290
139230
139038
138423
138832
138716
139245
139090
138880
138854
138772
139294
139151
138994
138951
138816
138814
138809
138799
138742
138719
138538
138409
138663
138603
